mUpdate: 2025-01-15 01:13:43.186951
Update: 2025-01-15 01:13:46.755260
